111101111101101
110101110101110
111100100100111
110101101101110
111101111101101
110101110101110
111100100100111
110101101101110
111101111101101
110101110101110
111100100100111
110101101101110
111101111101101
110101110101110
111100100100111
110101101101110
111101111101101
110101110101110
111100100100111
110101101101110
111101111101101
110101110101110
111100100100111
110101101101110
111101111101101
110101110101110
111100100100111
110101101101110
111101111101101
110101110101110
111100100100111
110101101101110
111101111101101
110101110101110
111100100100111
110101101101110