010010010
010010010
000111000
000111000
100010001
100010001
001010100
001010100
010010010
000111000
100010001
001010100
010010010
000111000
001010100
010010010
000111000
100010001
000111000
001010100
010010010
100010001
001010100
010010010
100010001
000111000
001010100
010010010
100010001
001010100
010010010
100010001
001010100
010010010
000111000
000111000
100010001
001010100
000111000
100010001
001010100
010010010
000111000
100010001
001010100
010010010
010010010
000111000
100010001
100010001
010010010
010010010
000111000
000111000
100010001
100010001
001010100
001010100
010010010
000111000
100010001
001010100
010010010
000111000
001010100
010010010
000111000
100010001
000111000
001010100
010010010
100010001
001010100
010010010
100010001
000111000
001010100
010010010
100010001
001010100
010010010
100010001
001010100
010010010
000111000
000111000
100010001
001010100
000111000
100010001
001010100
010010010
000111000
100010001
001010100
010010010
010010010
000111000
100010001
100010001